ERCC-00002	1061	162686	0
ERCC-00003	1023	10602	0
ERCC-00004	523	40965	0
ERCC-00009	984	7959	0
ERCC-00012	994	4	0
ERCC-00013	808	15	0
ERCC-00014	1957	68	0
ERCC-00016	844	1	0
ERCC-00017	1136	4	0
ERCC-00019	644	199	0
ERCC-00022	751	1549	0
ERCC-00024	536	5	0
ERCC-00025	1994	1056	0
ERCC-00028	1130	63	0
ERCC-00031	1138	33	0
ERCC-00033	2022	60	0
ERCC-00034	1019	148	0
ERCC-00035	1130	1195	0
ERCC-00039	740	26	0
ERCC-00040	744	7	0
ERCC-00041	1122	4	0
ERCC-00042	1023	5299	0
ERCC-00043	1023	6761	0
ERCC-00044	1156	1410	0
ERCC-00046	522	23136	0
ERCC-00048	992	0	0
ERCC-00051	274	84	0
ERCC-00053	1023	325	0
ERCC-00054	274	38	0
ERCC-00057	1021	0	0
ERCC-00058	1136	28	0
ERCC-00059	525	76	0
ERCC-00060	523	2743	0
ERCC-00061	1136	1	0
ERCC-00062	1023	660	0
ERCC-00067	644	18	0
ERCC-00069	1137	39	0
ERCC-00071	642	360	0
ERCC-00073	603	0	0
ERCC-00074	522	103659	0
ERCC-00075	1023	1	0
ERCC-00076	642	1116	0
ERCC-00077	273	13	0
ERCC-00078	993	342	0
ERCC-00079	644	407	0
ERCC-00081	534	5	0
ERCC-00083	1022	0	0
ERCC-00084	994	357	0
ERCC-00085	844	60	0
ERCC-00086	1020	2	0
ERCC-00092	1124	3516	0
ERCC-00095	521	1238	0
ERCC-00096	1107	167420	0
ERCC-00097	523	5	0
ERCC-00098	1143	1	0
ERCC-00099	1350	176	0
ERCC-00104	2022	8	0
ERCC-00108	1022	7752	0
ERCC-00109	536	7	0
ERCC-00111	994	5219	0
ERCC-00112	1136	1465	0
ERCC-00113	840	38820	0
ERCC-00116	1991	10600	0
ERCC-00117	1136	0	0
ERCC-00120	536	0	0
ERCC-00123	1022	2	0
ERCC-00126	1118	84	0
ERCC-00130	1059	308201	0
ERCC-00131	771	1021	0
ERCC-00134	274	2	0
ERCC-00136	1033	17489	0
ERCC-00137	537	4	0
ERCC-00138	1024	0	0
ERCC-00142	493	1	0
ERCC-00143	784	25	0
ERCC-00144	538	136	0
ERCC-00145	1042	6624	0
ERCC-00147	1023	11	0
ERCC-00148	494	48	0
ERCC-00150	743	26	0
ERCC-00154	537	42	0
ERCC-00156	494	0	0
ERCC-00157	1019	137	0
ERCC-00158	1027	4	0
ERCC-00160	743	96	0
ERCC-00162	523	281	0
ERCC-00163	543	98	0
ERCC-00164	1022	3	0
ERCC-00165	872	400	0
ERCC-00168	1024	7	0
ERCC-00170	1023	225	0
ERCC-00171	505	20859	0
chr1	290094216	13068726	0
chr10	112200500	6820711	0
chr11	93518069	2903497	0
chr12	54450796	4843400	0
chr13	118718031	3296102	0
chr14	115151701	3671180	0
chr15	114627140	6156140	0
chr16	90051983	3522026	0
chr17	92503511	4245099	0
chr18	87229863	3258764	0
chr19	72914587	2363613	0
chr2	285068071	8081962	0
chr20	57791882	2221842	0
chr3	183740530	11191575	0
chr4	248343840	6115482	0
chr5	177180328	5959968	0
chr6	156897508	9247942	0
chr7	143501887	7336889	0
chr8	132457389	6276418	0
chr9	121549591	4664305	0
chrM	16313	68519840	0
chrX	154597545	3878059	0
*	0	0	0
