ERCC-00002	1061	532371	0
ERCC-00003	1023	31644	0
ERCC-00004	523	17156	0
ERCC-00009	984	12212	0
ERCC-00012	994	5	0
ERCC-00013	808	37	0
ERCC-00014	1957	194	0
ERCC-00016	844	0	0
ERCC-00017	1136	1	0
ERCC-00019	644	62	0
ERCC-00022	751	4771	0
ERCC-00024	536	9	0
ERCC-00025	1994	1732	0
ERCC-00028	1130	16	0
ERCC-00031	1138	25	0
ERCC-00033	2022	1	0
ERCC-00034	1019	213	0
ERCC-00035	1130	1715	0
ERCC-00039	740	71	0
ERCC-00040	744	12	0
ERCC-00041	1122	17	0
ERCC-00042	1023	8027	0
ERCC-00043	1023	19989	0
ERCC-00044	1156	3380	0
ERCC-00046	522	60767	0
ERCC-00048	992	0	0
ERCC-00051	274	168	0
ERCC-00053	1023	424	0
ERCC-00054	274	28	0
ERCC-00057	1021	0	0
ERCC-00058	1136	71	0
ERCC-00059	525	295	0
ERCC-00060	523	3614	0
ERCC-00061	1136	2	0
ERCC-00062	1023	198	0
ERCC-00067	644	28	0
ERCC-00069	1137	99	0
ERCC-00071	642	821	0
ERCC-00073	603	10	0
ERCC-00074	522	248678	0
ERCC-00075	1023	0	0
ERCC-00076	642	2453	0
ERCC-00077	273	40	0
ERCC-00078	993	963	0
ERCC-00079	644	1309	0
ERCC-00081	534	0	0
ERCC-00083	1022	0	0
ERCC-00084	994	845	0
ERCC-00085	844	43	0
ERCC-00086	1020	4	0
ERCC-00092	1124	1239	0
ERCC-00095	521	444	0
ERCC-00096	1107	261700	0
ERCC-00097	523	2	0
ERCC-00098	1143	6	0
ERCC-00099	1350	468	0
ERCC-00104	2022	16	0
ERCC-00108	1022	2891	0
ERCC-00109	536	15	0
ERCC-00111	994	11654	0
ERCC-00112	1136	4274	0
ERCC-00113	840	88270	0
ERCC-00116	1991	3565	0
ERCC-00117	1136	0	0
ERCC-00120	536	6	0
ERCC-00123	1022	2	0
ERCC-00126	1118	107	0
ERCC-00130	1059	110997	0
ERCC-00131	771	433	0
ERCC-00134	274	3	0
ERCC-00136	1033	6464	0
ERCC-00137	537	6	0
ERCC-00138	1024	5	0
ERCC-00142	493	1	0
ERCC-00143	784	51	0
ERCC-00144	538	49	0
ERCC-00145	1042	14835	0
ERCC-00147	1023	4	0
ERCC-00148	494	49	0
ERCC-00150	743	46	0
ERCC-00154	537	31	0
ERCC-00156	494	0	0
ERCC-00157	1019	275	0
ERCC-00158	1027	10	0
ERCC-00160	743	342	0
ERCC-00162	523	586	0
ERCC-00163	543	257	0
ERCC-00164	1022	4	0
ERCC-00165	872	1397	0
ERCC-00168	1024	28	0
ERCC-00170	1023	63	0
ERCC-00171	505	30069	0
chr1	290094216	14200946	0
chr10	112200500	7274085	0
chr11	93518069	3607159	0
chr12	54450796	7430778	0
chr13	118718031	3728693	0
chr14	115151701	3776355	0
chr15	114627140	6133168	0
chr16	90051983	4031783	0
chr17	92503511	5225305	0
chr18	87229863	3859881	0
chr19	72914587	2881115	0
chr2	285068071	9626385	0
chr20	57791882	2471757	0
chr3	183740530	13911618	0
chr4	248343840	7915351	0
chr5	177180328	6497685	0
chr6	156897508	14418020	0
chr7	143501887	9922899	0
chr8	132457389	8917378	0
chr9	121549591	5309999	0
chrM	16313	85350012	0
chrX	154597545	5945961	0
*	0	0	0
