ERCC-00002	1061	240785	0
ERCC-00003	1023	16117	0
ERCC-00004	523	8354	0
ERCC-00009	984	5045	0
ERCC-00012	994	5	0
ERCC-00013	808	16	0
ERCC-00014	1957	111	0
ERCC-00016	844	5	0
ERCC-00017	1136	2	0
ERCC-00019	644	26	0
ERCC-00022	751	2137	0
ERCC-00024	536	4	0
ERCC-00025	1994	848	0
ERCC-00028	1130	5	0
ERCC-00031	1138	19	0
ERCC-00033	2022	4	0
ERCC-00034	1019	82	0
ERCC-00035	1130	821	0
ERCC-00039	740	20	0
ERCC-00040	744	7	0
ERCC-00041	1122	1	0
ERCC-00042	1023	4064	0
ERCC-00043	1023	10092	0
ERCC-00044	1156	1493	0
ERCC-00046	522	32519	0
ERCC-00048	992	0	0
ERCC-00051	274	91	0
ERCC-00053	1023	225	0
ERCC-00054	274	30	0
ERCC-00057	1021	0	0
ERCC-00058	1136	53	0
ERCC-00059	525	141	0
ERCC-00060	523	1776	0
ERCC-00061	1136	0	0
ERCC-00062	1023	142	0
ERCC-00067	644	25	0
ERCC-00069	1137	63	0
ERCC-00071	642	372	0
ERCC-00073	603	4	0
ERCC-00074	522	123926	0
ERCC-00075	1023	1	0
ERCC-00076	642	1125	0
ERCC-00077	273	32	0
ERCC-00078	993	488	0
ERCC-00079	644	641	0
ERCC-00081	534	2	0
ERCC-00083	1022	0	0
ERCC-00084	994	379	0
ERCC-00085	844	15	0
ERCC-00086	1020	0	0
ERCC-00092	1124	620	0
ERCC-00095	521	194	0
ERCC-00096	1107	121879	0
ERCC-00097	523	1	0
ERCC-00098	1143	4	0
ERCC-00099	1350	208	0
ERCC-00104	2022	4	0
ERCC-00108	1022	1367	0
ERCC-00109	536	12	0
ERCC-00111	994	5425	0
ERCC-00112	1136	2106	0
ERCC-00113	840	41067	0
ERCC-00116	1991	1581	0
ERCC-00117	1136	0	0
ERCC-00120	536	0	0
ERCC-00123	1022	2	0
ERCC-00126	1118	38	0
ERCC-00130	1059	54554	0
ERCC-00131	771	190	0
ERCC-00134	274	2	0
ERCC-00136	1033	3025	0
ERCC-00137	537	4	0
ERCC-00138	1024	2	0
ERCC-00142	493	2	0
ERCC-00143	784	31	0
ERCC-00144	538	10	0
ERCC-00145	1042	7060	0
ERCC-00147	1023	1	0
ERCC-00148	494	30	0
ERCC-00150	743	22	0
ERCC-00154	537	8	0
ERCC-00156	494	3	0
ERCC-00157	1019	137	0
ERCC-00158	1027	2	0
ERCC-00160	743	190	0
ERCC-00162	523	315	0
ERCC-00163	543	132	0
ERCC-00164	1022	7	0
ERCC-00165	872	607	0
ERCC-00168	1024	15	0
ERCC-00170	1023	37	0
ERCC-00171	505	14137	0
chr1	290094216	13909829	0
chr10	112200500	7084350	0
chr11	93518069	3237274	0
chr12	54450796	5322418	0
chr13	118718031	3552508	0
chr14	115151701	3807437	0
chr15	114627140	6459453	0
chr16	90051983	3742498	0
chr17	92503511	4748240	0
chr18	87229863	3598509	0
chr19	72914587	2616718	0
chr2	285068071	9308989	0
chr20	57791882	2367973	0
chr3	183740530	12582449	0
chr4	248343840	6901897	0
chr5	177180328	6378148	0
chr6	156897508	10614748	0
chr7	143501887	8399835	0
chr8	132457389	6922599	0
chr9	121549591	5119081	0
chrM	16313	65906232	0
chrX	154597545	4630430	0
*	0	0	0
