ERCC-00002	1061	331312	0
ERCC-00003	1023	24408	0
ERCC-00004	523	103178	0
ERCC-00009	984	14348	0
ERCC-00012	994	4	0
ERCC-00013	808	17	0
ERCC-00014	1957	168	0
ERCC-00016	844	9	0
ERCC-00017	1136	1	0
ERCC-00019	644	403	0
ERCC-00022	751	2970	0
ERCC-00024	536	7	0
ERCC-00025	1994	2080	0
ERCC-00028	1130	64	0
ERCC-00031	1138	31	0
ERCC-00033	2022	86	0
ERCC-00034	1019	309	0
ERCC-00035	1130	2364	0
ERCC-00039	740	50	0
ERCC-00040	744	20	0
ERCC-00041	1122	8	0
ERCC-00042	1023	10447	0
ERCC-00043	1023	14767	0
ERCC-00044	1156	2672	0
ERCC-00046	522	49674	0
ERCC-00048	992	0	0
ERCC-00051	274	310	0
ERCC-00053	1023	729	0
ERCC-00054	274	74	0
ERCC-00057	1021	0	0
ERCC-00058	1136	60	0
ERCC-00059	525	178	0
ERCC-00060	523	6137	0
ERCC-00061	1136	0	0
ERCC-00062	1023	1400	0
ERCC-00067	644	25	0
ERCC-00069	1137	45	0
ERCC-00071	642	760	0
ERCC-00073	603	18	0
ERCC-00074	522	254817	0
ERCC-00075	1023	6	0
ERCC-00076	642	2251	0
ERCC-00077	273	38	0
ERCC-00078	993	681	0
ERCC-00079	644	874	0
ERCC-00081	534	2	0
ERCC-00083	1022	1	0
ERCC-00084	994	772	0
ERCC-00085	844	98	0
ERCC-00086	1020	2	0
ERCC-00092	1124	6918	0
ERCC-00095	521	2555	0
ERCC-00096	1107	330324	0
ERCC-00097	523	2	0
ERCC-00098	1143	0	0
ERCC-00099	1350	391	0
ERCC-00104	2022	4	0
ERCC-00108	1022	15455	0
ERCC-00109	536	9	0
ERCC-00111	994	10029	0
ERCC-00112	1136	2968	0
ERCC-00113	840	76156	0
ERCC-00116	1991	18954	0
ERCC-00117	1136	0	0
ERCC-00120	536	9	0
ERCC-00123	1022	6	0
ERCC-00126	1118	145	0
ERCC-00130	1059	626488	0
ERCC-00131	771	2099	0
ERCC-00134	274	9	0
ERCC-00136	1033	36844	0
ERCC-00137	537	8	0
ERCC-00138	1024	14	0
ERCC-00142	493	4	0
ERCC-00143	784	33	0
ERCC-00144	538	233	0
ERCC-00145	1042	13108	0
ERCC-00147	1023	11	0
ERCC-00148	494	55	0
ERCC-00150	743	61	0
ERCC-00154	537	82	0
ERCC-00156	494	3	0
ERCC-00157	1019	293	0
ERCC-00158	1027	18	0
ERCC-00160	743	251	0
ERCC-00162	523	642	0
ERCC-00163	543	184	0
ERCC-00164	1022	10	0
ERCC-00165	872	844	0
ERCC-00168	1024	30	0
ERCC-00170	1023	459	0
ERCC-00171	505	40556	0
chr1	290094216	13239688	0
chr10	112200500	6372818	0
chr11	93518069	3137442	0
chr12	54450796	5529330	0
chr13	118718031	3377435	0
chr14	115151701	3616663	0
chr15	114627140	6343760	0
chr16	90051983	3556354	0
chr17	92503511	4519753	0
chr18	87229863	3307318	0
chr19	72914587	2359183	0
chr2	285068071	8351334	0
chr20	57791882	2294716	0
chr3	183740530	12396080	0
chr4	248343840	6974323	0
chr5	177180328	5934437	0
chr6	156897508	9685240	0
chr7	143501887	7539669	0
chr8	132457389	6922972	0
chr9	121549591	4796902	0
chrM	16313	84532958	0
chrX	154597545	4313819	0
*	0	0	0
