ERCC-00002	1061	2	0
ERCC-00003	1023	2	0
ERCC-00004	523	1	0
ERCC-00009	984	0	0
ERCC-00012	994	0	0
ERCC-00013	808	1	0
ERCC-00014	1957	1	0
ERCC-00016	844	0	0
ERCC-00017	1136	2	0
ERCC-00019	644	3	0
ERCC-00022	751	0	0
ERCC-00024	536	0	0
ERCC-00025	1994	0	0
ERCC-00028	1130	2	0
ERCC-00031	1138	6	0
ERCC-00033	2022	1	0
ERCC-00034	1019	0	0
ERCC-00035	1130	1	0
ERCC-00039	740	2	0
ERCC-00040	744	0	0
ERCC-00041	1122	1	0
ERCC-00042	1023	0	0
ERCC-00043	1023	0	0
ERCC-00044	1156	0	0
ERCC-00046	522	0	0
ERCC-00048	992	1	0
ERCC-00051	274	1	0
ERCC-00053	1023	0	0
ERCC-00054	274	2	0
ERCC-00057	1021	1	0
ERCC-00058	1136	1	0
ERCC-00059	525	4	0
ERCC-00060	523	1	0
ERCC-00061	1136	0	0
ERCC-00062	1023	2	0
ERCC-00067	644	0	0
ERCC-00069	1137	2	0
ERCC-00071	642	4	0
ERCC-00073	603	0	0
ERCC-00074	522	5	0
ERCC-00075	1023	2	0
ERCC-00076	642	0	0
ERCC-00077	273	0	0
ERCC-00078	993	0	0
ERCC-00079	644	0	0
ERCC-00081	534	1	0
ERCC-00083	1022	0	0
ERCC-00084	994	0	0
ERCC-00085	844	2	0
ERCC-00086	1020	0	0
ERCC-00092	1124	1	0
ERCC-00095	521	1	0
ERCC-00096	1107	2	0
ERCC-00097	523	0	0
ERCC-00098	1143	4	0
ERCC-00099	1350	1	0
ERCC-00104	2022	0	0
ERCC-00108	1022	0	0
ERCC-00109	536	1	0
ERCC-00111	994	0	0
ERCC-00112	1136	2	0
ERCC-00113	840	0	0
ERCC-00116	1991	1	0
ERCC-00117	1136	0	0
ERCC-00120	536	3	0
ERCC-00123	1022	1	0
ERCC-00126	1118	0	0
ERCC-00130	1059	0	0
ERCC-00131	771	0	0
ERCC-00134	274	0	0
ERCC-00136	1033	1	0
ERCC-00137	537	0	0
ERCC-00138	1024	0	0
ERCC-00142	493	1	0
ERCC-00143	784	2	0
ERCC-00144	538	0	0
ERCC-00145	1042	0	0
ERCC-00147	1023	0	0
ERCC-00148	494	0	0
ERCC-00150	743	2	0
ERCC-00154	537	0	0
ERCC-00156	494	0	0
ERCC-00157	1019	2	0
ERCC-00158	1027	1	0
ERCC-00160	743	1	0
ERCC-00162	523	0	0
ERCC-00163	543	0	0
ERCC-00164	1022	1	0
ERCC-00165	872	3	0
ERCC-00168	1024	1	0
ERCC-00170	1023	3	0
ERCC-00171	505	1	0
chr1	290094216	21839208	0
chr10	112200500	10947277	0
chr11	93518069	6507693	0
chr12	54450796	4766663	0
chr13	118718031	6106713	0
chr14	115151701	8343880	0
chr15	114627140	6790209	0
chr16	90051983	5878845	0
chr17	92503511	6578584	0
chr18	87229863	6150560	0
chr19	72914587	3552668	0
chr2	285068071	16737005	0
chr20	57791882	3457071	0
chr3	183740530	12754102	0
chr4	248343840	13043925	0
chr5	177180328	10755533	0
chr6	156897508	16565480	0
chr7	143501887	11822850	0
chr8	132457389	11279655	0
chr9	121549591	7567921	0
chrM	16313	35579989	0
chrX	154597545	8899993	0
*	0	0	0
