ERCC-00002	1061	2	0
ERCC-00003	1023	0	0
ERCC-00004	523	3	0
ERCC-00009	984	0	0
ERCC-00012	994	1	0
ERCC-00013	808	1	0
ERCC-00014	1957	2	0
ERCC-00016	844	2	0
ERCC-00017	1136	2	0
ERCC-00019	644	1	0
ERCC-00022	751	0	0
ERCC-00024	536	4	0
ERCC-00025	1994	0	0
ERCC-00028	1130	2	0
ERCC-00031	1138	8	0
ERCC-00033	2022	1	0
ERCC-00034	1019	0	0
ERCC-00035	1130	2	0
ERCC-00039	740	1	0
ERCC-00040	744	1	0
ERCC-00041	1122	1	0
ERCC-00042	1023	0	0
ERCC-00043	1023	3	0
ERCC-00044	1156	1	0
ERCC-00046	522	1	0
ERCC-00048	992	2	0
ERCC-00051	274	0	0
ERCC-00053	1023	1	0
ERCC-00054	274	1	0
ERCC-00057	1021	0	0
ERCC-00058	1136	0	0
ERCC-00059	525	5	0
ERCC-00060	523	1	0
ERCC-00061	1136	1	0
ERCC-00062	1023	3	0
ERCC-00067	644	3	0
ERCC-00069	1137	0	0
ERCC-00071	642	10	0
ERCC-00073	603	1	0
ERCC-00074	522	2	0
ERCC-00075	1023	4	0
ERCC-00076	642	0	0
ERCC-00077	273	4	0
ERCC-00078	993	2	0
ERCC-00079	644	0	0
ERCC-00081	534	3	0
ERCC-00083	1022	0	0
ERCC-00084	994	0	0
ERCC-00085	844	4	0
ERCC-00086	1020	1	0
ERCC-00092	1124	1	0
ERCC-00095	521	2	0
ERCC-00096	1107	1	0
ERCC-00097	523	1	0
ERCC-00098	1143	5	0
ERCC-00099	1350	1	0
ERCC-00104	2022	2	0
ERCC-00108	1022	0	0
ERCC-00109	536	4	0
ERCC-00111	994	2	0
ERCC-00112	1136	0	0
ERCC-00113	840	2	0
ERCC-00116	1991	0	0
ERCC-00117	1136	1	0
ERCC-00120	536	11	0
ERCC-00123	1022	0	0
ERCC-00126	1118	0	0
ERCC-00130	1059	2	0
ERCC-00131	771	2	0
ERCC-00134	274	0	0
ERCC-00136	1033	1	0
ERCC-00137	537	0	0
ERCC-00138	1024	0	0
ERCC-00142	493	2	0
ERCC-00143	784	0	0
ERCC-00144	538	0	0
ERCC-00145	1042	4	0
ERCC-00147	1023	0	0
ERCC-00148	494	0	0
ERCC-00150	743	3	0
ERCC-00154	537	2	0
ERCC-00156	494	0	0
ERCC-00157	1019	0	0
ERCC-00158	1027	1	0
ERCC-00160	743	1	0
ERCC-00162	523	0	0
ERCC-00163	543	2	0
ERCC-00164	1022	3	0
ERCC-00165	872	0	0
ERCC-00168	1024	0	0
ERCC-00170	1023	2	0
ERCC-00171	505	1	0
chr1	290094216	36185780	0
chr10	112200500	18899985	0
chr11	93518069	11613040	0
chr12	54450796	7398699	0
chr13	118718031	10090585	0
chr14	115151701	13801547	0
chr15	114627140	11663454	0
chr16	90051983	9798041	0
chr17	92503511	10949021	0
chr18	87229863	10257248	0
chr19	72914587	5975603	0
chr2	285068071	30510136	0
chr20	57791882	5738286	0
chr3	183740530	20826054	0
chr4	248343840	20551289	0
chr5	177180328	17810794	0
chr6	156897508	26678047	0
chr7	143501887	21293608	0
chr8	132457389	18403604	0
chr9	121549591	12509759	0
chrM	16313	39648891	0
chrX	154597545	15544935	0
*	0	0	0
