ERCC-00002	1061	625971	0
ERCC-00003	1023	41345	0
ERCC-00004	523	21286	0
ERCC-00009	984	13133	0
ERCC-00012	994	0	0
ERCC-00013	808	28	0
ERCC-00014	1957	251	0
ERCC-00016	844	8	0
ERCC-00017	1136	6	0
ERCC-00019	644	78	0
ERCC-00022	751	5204	0
ERCC-00024	536	3	0
ERCC-00025	1994	2154	0
ERCC-00028	1130	24	0
ERCC-00031	1138	51	0
ERCC-00033	2022	22	0
ERCC-00034	1019	315	0
ERCC-00035	1130	2013	0
ERCC-00039	740	71	0
ERCC-00040	744	13	0
ERCC-00041	1122	0	0
ERCC-00042	1023	10199	0
ERCC-00043	1023	30152	0
ERCC-00044	1156	3871	0
ERCC-00046	522	89093	0
ERCC-00048	992	0	0
ERCC-00051	274	205	0
ERCC-00053	1023	622	0
ERCC-00054	274	112	0
ERCC-00057	1021	0	0
ERCC-00058	1136	82	0
ERCC-00059	525	329	0
ERCC-00060	523	5013	0
ERCC-00061	1136	3	0
ERCC-00062	1023	367	0
ERCC-00067	644	45	0
ERCC-00069	1137	108	0
ERCC-00071	642	983	0
ERCC-00073	603	13	0
ERCC-00074	522	311869	0
ERCC-00075	1023	2	0
ERCC-00076	642	3375	0
ERCC-00077	273	34	0
ERCC-00078	993	1337	0
ERCC-00079	644	1427	0
ERCC-00081	534	10	0
ERCC-00083	1022	0	0
ERCC-00084	994	1050	0
ERCC-00085	844	31	0
ERCC-00086	1020	7	0
ERCC-00092	1124	1553	0
ERCC-00095	521	526	0
ERCC-00096	1107	312893	0
ERCC-00097	523	2	0
ERCC-00098	1143	8	0
ERCC-00099	1350	619	0
ERCC-00104	2022	18	0
ERCC-00108	1022	3252	0
ERCC-00109	536	11	0
ERCC-00111	994	13079	0
ERCC-00112	1136	5257	0
ERCC-00113	840	102777	0
ERCC-00116	1991	4274	0
ERCC-00117	1136	2	0
ERCC-00120	536	1	0
ERCC-00123	1022	8	0
ERCC-00126	1118	112	0
ERCC-00130	1059	136101	0
ERCC-00131	771	469	0
ERCC-00134	274	2	0
ERCC-00136	1033	8111	0
ERCC-00137	537	2	0
ERCC-00138	1024	4	0
ERCC-00142	493	3	0
ERCC-00143	784	87	0
ERCC-00144	538	48	0
ERCC-00145	1042	17737	0
ERCC-00147	1023	9	0
ERCC-00148	494	86	0
ERCC-00150	743	60	0
ERCC-00154	537	26	0
ERCC-00156	494	2	0
ERCC-00157	1019	333	0
ERCC-00158	1027	12	0
ERCC-00160	743	438	0
ERCC-00162	523	881	0
ERCC-00163	543	336	0
ERCC-00164	1022	26	0
ERCC-00165	872	1589	0
ERCC-00168	1024	45	0
ERCC-00170	1023	141	0
ERCC-00171	505	35336	0
chr1	290094216	19788435	0
chr10	112200500	7790449	0
chr11	93518069	5721742	0
chr12	54450796	7267764	0
chr13	118718031	5317456	0
chr14	115151701	17182680	0
chr15	114627140	4007755	0
chr16	90051983	4731290	0
chr17	92503511	4184479	0
chr18	87229863	4096406	0
chr19	72914587	3834211	0
chr2	285068071	13402029	0
chr20	57791882	3177697	0
chr3	183740530	8462985	0
chr4	248343840	21237190	0
chr5	177180328	10564225	0
chr6	156897508	19585534	0
chr7	143501887	10392525	0
chr8	132457389	12310023	0
chr9	121549591	7693485	0
chrM	16313	17410444	0
chrX	154597545	5328273	0
*	0	0	0
