ERCC-00002	1061	3240759	0
ERCC-00003	1023	211337	0
ERCC-00004	523	113502	0
ERCC-00009	984	64765	0
ERCC-00012	994	14	0
ERCC-00013	808	202	0
ERCC-00014	1957	1426	0
ERCC-00016	844	16	0
ERCC-00017	1136	5	0
ERCC-00019	644	434	0
ERCC-00022	751	25538	0
ERCC-00024	536	15	0
ERCC-00025	1994	10086	0
ERCC-00028	1130	88	0
ERCC-00031	1138	185	0
ERCC-00033	2022	155	0
ERCC-00034	1019	1306	0
ERCC-00035	1130	10746	0
ERCC-00039	740	334	0
ERCC-00040	744	104	0
ERCC-00041	1122	49	0
ERCC-00042	1023	52500	0
ERCC-00043	1023	164942	0
ERCC-00044	1156	18714	0
ERCC-00046	522	527254	0
ERCC-00048	992	3	0
ERCC-00051	274	1098	0
ERCC-00053	1023	3289	0
ERCC-00054	274	340	0
ERCC-00057	1021	2	0
ERCC-00058	1136	400	0
ERCC-00059	525	1661	0
ERCC-00060	523	30795	0
ERCC-00061	1136	14	0
ERCC-00062	1023	2057	0
ERCC-00067	644	169	0
ERCC-00069	1137	539	0
ERCC-00071	642	4934	0
ERCC-00073	603	57	0
ERCC-00074	522	1863496	0
ERCC-00075	1023	7	0
ERCC-00076	642	17620	0
ERCC-00077	273	314	0
ERCC-00078	993	6470	0
ERCC-00079	644	7548	0
ERCC-00081	534	22	0
ERCC-00083	1022	2	0
ERCC-00084	994	5052	0
ERCC-00085	844	218	0
ERCC-00086	1020	45	0
ERCC-00092	1124	7716	0
ERCC-00095	521	2488	0
ERCC-00096	1107	1496828	0
ERCC-00097	523	10	0
ERCC-00098	1143	3	0
ERCC-00099	1350	3041	0
ERCC-00104	2022	45	0
ERCC-00108	1022	15273	0
ERCC-00109	536	44	0
ERCC-00111	994	64878	0
ERCC-00112	1136	25857	0
ERCC-00113	840	499900	0
ERCC-00116	1991	20010	0
ERCC-00117	1136	14	0
ERCC-00120	536	116	0
ERCC-00123	1022	10	0
ERCC-00126	1118	586	0
ERCC-00130	1059	683314	0
ERCC-00131	771	2428	0
ERCC-00134	274	2	0
ERCC-00136	1033	44160	0
ERCC-00137	537	69	0
ERCC-00138	1024	37	0
ERCC-00142	493	6	0
ERCC-00143	784	340	0
ERCC-00144	538	320	0
ERCC-00145	1042	89118	0
ERCC-00147	1023	26	0
ERCC-00148	494	427	0
ERCC-00150	743	234	0
ERCC-00154	537	139	0
ERCC-00156	494	8	0
ERCC-00157	1019	1790	0
ERCC-00158	1027	121	0
ERCC-00160	743	2091	0
ERCC-00162	523	4613	0
ERCC-00163	543	1627	0
ERCC-00164	1022	66	0
ERCC-00165	872	7059	0
ERCC-00168	1024	137	0
ERCC-00170	1023	837	0
ERCC-00171	505	181147	0
chr1	290094216	14288613	0
chr10	112200500	7450013	0
chr11	93518069	3508566	0
chr12	54450796	10921712	0
chr13	118718031	3549227	0
chr14	115151701	10993966	0
chr15	114627140	3162391	0
chr16	90051983	3108476	0
chr17	92503511	3288473	0
chr18	87229863	3227383	0
chr19	72914587	5348681	0
chr2	285068071	11387667	0
chr20	57791882	2773765	0
chr3	183740530	5876845	0
chr4	248343840	13715394	0
chr5	177180328	7474800	0
chr6	156897508	38334744	0
chr7	143501887	12643324	0
chr8	132457389	11413789	0
chr9	121549591	5492426	0
chrM	16313	18699667	0
chrX	154597545	5440826	0
*	0	0	0
