ERCC-00002	1061	4269888	0
ERCC-00003	1023	250138	0
ERCC-00004	523	135408	0
ERCC-00009	984	84644	0
ERCC-00012	994	32	0
ERCC-00013	808	197	0
ERCC-00014	1957	1748	0
ERCC-00016	844	43	0
ERCC-00017	1136	0	0
ERCC-00019	644	573	0
ERCC-00022	751	33355	0
ERCC-00024	536	22	0
ERCC-00025	1994	13477	0
ERCC-00028	1130	109	0
ERCC-00031	1138	226	0
ERCC-00033	2022	178	0
ERCC-00034	1019	1847	0
ERCC-00035	1130	14456	0
ERCC-00039	740	431	0
ERCC-00040	744	124	0
ERCC-00041	1122	64	0
ERCC-00042	1023	62836	0
ERCC-00043	1023	188440	0
ERCC-00044	1156	24992	0
ERCC-00046	522	611390	0
ERCC-00048	992	6	0
ERCC-00051	274	1555	0
ERCC-00053	1023	3694	0
ERCC-00054	274	468	0
ERCC-00057	1021	6	0
ERCC-00058	1136	541	0
ERCC-00059	525	2264	0
ERCC-00060	523	34111	0
ERCC-00061	1136	18	0
ERCC-00062	1023	2223	0
ERCC-00067	644	184	0
ERCC-00069	1137	667	0
ERCC-00071	642	6294	0
ERCC-00073	603	52	0
ERCC-00074	522	2183224	0
ERCC-00075	1023	10	0
ERCC-00076	642	22914	0
ERCC-00077	273	365	0
ERCC-00078	993	8603	0
ERCC-00079	644	10260	0
ERCC-00081	534	24	0
ERCC-00083	1022	0	0
ERCC-00084	994	6669	0
ERCC-00085	844	364	0
ERCC-00086	1020	49	0
ERCC-00092	1124	10225	0
ERCC-00095	521	3008	0
ERCC-00096	1107	1987303	0
ERCC-00097	523	7	0
ERCC-00098	1143	6	0
ERCC-00099	1350	3754	0
ERCC-00104	2022	92	0
ERCC-00108	1022	20790	0
ERCC-00109	536	40	0
ERCC-00111	994	82931	0
ERCC-00112	1136	32984	0
ERCC-00113	840	669577	0
ERCC-00116	1991	26996	0
ERCC-00117	1136	2	0
ERCC-00120	536	46	0
ERCC-00123	1022	6	0
ERCC-00126	1118	987	0
ERCC-00130	1059	872491	0
ERCC-00131	771	3133	0
ERCC-00134	274	3	0
ERCC-00136	1033	54751	0
ERCC-00137	537	104	0
ERCC-00138	1024	33	0
ERCC-00142	493	12	0
ERCC-00143	784	529	0
ERCC-00144	538	355	0
ERCC-00145	1042	112037	0
ERCC-00147	1023	30	0
ERCC-00148	494	437	0
ERCC-00150	743	369	0
ERCC-00154	537	160	0
ERCC-00156	494	12	0
ERCC-00157	1019	2293	0
ERCC-00158	1027	105	0
ERCC-00160	743	2712	0
ERCC-00162	523	5396	0
ERCC-00163	543	2203	0
ERCC-00164	1022	80	0
ERCC-00165	872	9180	0
ERCC-00168	1024	157	0
ERCC-00170	1023	916	0
ERCC-00171	505	237922	0
chr1	290094216	17941612	0
chr10	112200500	8388320	0
chr11	93518069	4397906	0
chr12	54450796	15198398	0
chr13	118718031	4435224	0
chr14	115151701	14066383	0
chr15	114627140	4098074	0
chr16	90051983	3939830	0
chr17	92503511	4189819	0
chr18	87229863	4107080	0
chr19	72914587	4979063	0
chr2	285068071	13711761	0
chr20	57791882	3499203	0
chr3	183740530	7141007	0
chr4	248343840	16691865	0
chr5	177180328	9400445	0
chr6	156897508	49847967	0
chr7	143501887	15007366	0
chr8	132457389	14444191	0
chr9	121549591	6836610	0
chrM	16313	22807474	0
chrX	154597545	5559969	0
*	0	0	0
