ERCC-00002	1061	491172	0
ERCC-00003	1023	28617	0
ERCC-00004	523	139707	0
ERCC-00009	984	20648	0
ERCC-00012	994	0	0
ERCC-00013	808	20	0
ERCC-00014	1957	203	0
ERCC-00016	844	2	0
ERCC-00017	1136	1	0
ERCC-00019	644	646	0
ERCC-00022	751	4137	0
ERCC-00024	536	8	0
ERCC-00025	1994	2859	0
ERCC-00028	1130	153	0
ERCC-00031	1138	59	0
ERCC-00033	2022	131	0
ERCC-00034	1019	426	0
ERCC-00035	1130	3676	0
ERCC-00039	740	61	0
ERCC-00040	744	20	0
ERCC-00041	1122	7	0
ERCC-00042	1023	11510	0
ERCC-00043	1023	21490	0
ERCC-00044	1156	4054	0
ERCC-00046	522	66494	0
ERCC-00048	992	0	0
ERCC-00051	274	476	0
ERCC-00053	1023	978	0
ERCC-00054	274	74	0
ERCC-00057	1021	0	0
ERCC-00058	1136	76	0
ERCC-00059	525	315	0
ERCC-00060	523	8195	0
ERCC-00061	1136	2	0
ERCC-00062	1023	2156	0
ERCC-00067	644	50	0
ERCC-00069	1137	90	0
ERCC-00071	642	1187	0
ERCC-00073	603	8	0
ERCC-00074	522	362329	0
ERCC-00075	1023	9	0
ERCC-00076	642	3338	0
ERCC-00077	273	24	0
ERCC-00078	993	960	0
ERCC-00079	644	1076	0
ERCC-00081	534	0	0
ERCC-00083	1022	0	0
ERCC-00084	994	967	0
ERCC-00085	844	144	0
ERCC-00086	1020	18	0
ERCC-00092	1124	8725	0
ERCC-00095	521	3620	0
ERCC-00096	1107	483086	0
ERCC-00097	523	13	0
ERCC-00098	1143	5	0
ERCC-00099	1350	552	0
ERCC-00104	2022	4	0
ERCC-00108	1022	21967	0
ERCC-00109	536	31	0
ERCC-00111	994	13306	0
ERCC-00112	1136	4299	0
ERCC-00113	840	116811	0
ERCC-00116	1991	26566	0
ERCC-00117	1136	2	0
ERCC-00120	536	14	0
ERCC-00123	1022	4	0
ERCC-00126	1118	192	0
ERCC-00130	1059	860073	0
ERCC-00131	771	3000	0
ERCC-00134	274	6	0
ERCC-00136	1033	47597	0
ERCC-00137	537	8	0
ERCC-00138	1024	20	0
ERCC-00142	493	2	0
ERCC-00143	784	79	0
ERCC-00144	538	350	0
ERCC-00145	1042	18434	0
ERCC-00147	1023	45	0
ERCC-00148	494	134	0
ERCC-00150	743	103	0
ERCC-00154	537	96	0
ERCC-00156	494	12	0
ERCC-00157	1019	422	0
ERCC-00158	1027	11	0
ERCC-00160	743	302	0
ERCC-00162	523	810	0
ERCC-00163	543	254	0
ERCC-00164	1022	5	0
ERCC-00165	872	1080	0
ERCC-00168	1024	17	0
ERCC-00170	1023	566	0
ERCC-00171	505	58748	0
chr1	290094216	18263280	0
chr10	112200500	7072066	0
chr11	93518069	5161172	0
chr12	54450796	7881875	0
chr13	118718031	4884991	0
chr14	115151701	19041969	0
chr15	114627140	3577137	0
chr16	90051983	4003777	0
chr17	92503511	3792124	0
chr18	87229863	3808196	0
chr19	72914587	3495225	0
chr2	285068071	12954533	0
chr20	57791882	2739516	0
chr3	183740530	7319059	0
chr4	248343840	20460716	0
chr5	177180328	9382770	0
chr6	156897508	21740658	0
chr7	143501887	9651765	0
chr8	132457389	11913953	0
chr9	121549591	6192074	0
chrM	16313	20107438	0
chrX	154597545	4757128	0
*	0	0	0
