ERCC-00002	1061	937020	0
ERCC-00003	1023	63591	0
ERCC-00004	523	291738	0
ERCC-00009	984	42927	0
ERCC-00012	994	9	0
ERCC-00013	808	46	0
ERCC-00014	1957	303	0
ERCC-00016	844	5	0
ERCC-00017	1136	7	0
ERCC-00019	644	1009	0
ERCC-00022	751	7424	0
ERCC-00024	536	7	0
ERCC-00025	1994	5970	0
ERCC-00028	1130	239	0
ERCC-00031	1138	103	0
ERCC-00033	2022	344	0
ERCC-00034	1019	731	0
ERCC-00035	1130	3704	0
ERCC-00039	740	175	0
ERCC-00040	744	44	0
ERCC-00041	1122	8	0
ERCC-00042	1023	22319	0
ERCC-00043	1023	48106	0
ERCC-00044	1156	8112	0
ERCC-00046	522	139821	0
ERCC-00048	992	4	0
ERCC-00051	274	685	0
ERCC-00053	1023	2221	0
ERCC-00054	274	127	0
ERCC-00057	1021	2	0
ERCC-00058	1136	141	0
ERCC-00059	525	547	0
ERCC-00060	523	16917	0
ERCC-00061	1136	7	0
ERCC-00062	1023	4247	0
ERCC-00067	644	87	0
ERCC-00069	1137	161	0
ERCC-00071	642	1919	0
ERCC-00073	603	53	0
ERCC-00074	522	695500	0
ERCC-00075	1023	2	0
ERCC-00076	642	5964	0
ERCC-00077	273	65	0
ERCC-00078	993	1833	0
ERCC-00079	644	2215	0
ERCC-00081	534	5	0
ERCC-00083	1022	3	0
ERCC-00084	994	2366	0
ERCC-00085	844	260	0
ERCC-00086	1020	7	0
ERCC-00092	1124	9998	0
ERCC-00095	521	7211	0
ERCC-00096	1107	918723	0
ERCC-00097	523	18	0
ERCC-00098	1143	7	0
ERCC-00099	1350	1075	0
ERCC-00104	2022	40	0
ERCC-00108	1022	43201	0
ERCC-00109	536	19	0
ERCC-00111	994	23787	0
ERCC-00112	1136	8218	0
ERCC-00113	840	213921	0
ERCC-00116	1991	56055	0
ERCC-00117	1136	2	0
ERCC-00120	536	13	0
ERCC-00123	1022	22	0
ERCC-00126	1118	436	0
ERCC-00130	1059	1615625	0
ERCC-00131	771	6191	0
ERCC-00134	274	7	0
ERCC-00136	1033	95893	0
ERCC-00137	537	15	0
ERCC-00138	1024	6	0
ERCC-00142	493	13	0
ERCC-00143	784	159	0
ERCC-00144	538	512	0
ERCC-00145	1042	36488	0
ERCC-00147	1023	47	0
ERCC-00148	494	200	0
ERCC-00150	743	142	0
ERCC-00154	537	244	0
ERCC-00156	494	13	0
ERCC-00157	1019	688	0
ERCC-00158	1027	27	0
ERCC-00160	743	597	0
ERCC-00162	523	1408	0
ERCC-00163	543	567	0
ERCC-00164	1022	21	0
ERCC-00165	872	2332	0
ERCC-00168	1024	48	0
ERCC-00170	1023	943	0
ERCC-00171	505	109684	0
chr1	290094216	21055025	0
chr10	112200500	8740619	0
chr11	93518069	5742505	0
chr12	54450796	10844676	0
chr13	118718031	5564693	0
chr14	115151701	24405056	0
chr15	114627140	4006619	0
chr16	90051983	4628278	0
chr17	92503511	4444793	0
chr18	87229863	5000898	0
chr19	72914587	5333719	0
chr2	285068071	15755228	0
chr20	57791882	2840132	0
chr3	183740530	7977151	0
chr4	248343840	16817929	0
chr5	177180328	12021485	0
chr6	156897508	29373514	0
chr7	143501887	11378070	0
chr8	132457389	15929627	0
chr9	121549591	7421531	0
chrM	16313	24604512	0
chrX	154597545	5231457	0
*	0	0	0
