ERCC-00002	1061	473504	0
ERCC-00003	1023	35242	0
ERCC-00004	523	18241	0
ERCC-00009	984	10282	0
ERCC-00012	994	4	0
ERCC-00013	808	30	0
ERCC-00014	1957	187	0
ERCC-00016	844	8	0
ERCC-00017	1136	3	0
ERCC-00019	644	61	0
ERCC-00022	751	4108	0
ERCC-00024	536	10	0
ERCC-00025	1994	1618	0
ERCC-00028	1130	12	0
ERCC-00031	1138	30	0
ERCC-00033	2022	21	0
ERCC-00034	1019	176	0
ERCC-00035	1130	1579	0
ERCC-00039	740	47	0
ERCC-00040	744	6	0
ERCC-00041	1122	8	0
ERCC-00042	1023	8582	0
ERCC-00043	1023	26620	0
ERCC-00044	1156	3139	0
ERCC-00046	522	76571	0
ERCC-00048	992	3	0
ERCC-00051	274	151	0
ERCC-00053	1023	614	0
ERCC-00054	274	61	0
ERCC-00057	1021	0	0
ERCC-00058	1136	42	0
ERCC-00059	525	334	0
ERCC-00060	523	4526	0
ERCC-00061	1136	3	0
ERCC-00062	1023	316	0
ERCC-00067	644	23	0
ERCC-00069	1137	84	0
ERCC-00071	642	669	0
ERCC-00073	603	8	0
ERCC-00074	522	267183	0
ERCC-00075	1023	2	0
ERCC-00076	642	2545	0
ERCC-00077	273	33	0
ERCC-00078	993	1027	0
ERCC-00079	644	1136	0
ERCC-00081	534	2	0
ERCC-00083	1022	1	0
ERCC-00084	994	714	0
ERCC-00085	844	42	0
ERCC-00086	1020	10	0
ERCC-00092	1124	1104	0
ERCC-00095	521	433	0
ERCC-00096	1107	236349	0
ERCC-00097	523	1	0
ERCC-00098	1143	4	0
ERCC-00099	1350	450	0
ERCC-00104	2022	13	0
ERCC-00108	1022	2427	0
ERCC-00109	536	10	0
ERCC-00111	994	10312	0
ERCC-00112	1136	4115	0
ERCC-00113	840	78429	0
ERCC-00116	1991	3283	0
ERCC-00117	1136	3	0
ERCC-00120	536	1	0
ERCC-00123	1022	4	0
ERCC-00126	1118	113	0
ERCC-00130	1059	107460	0
ERCC-00131	771	379	0
ERCC-00134	274	3	0
ERCC-00136	1033	6708	0
ERCC-00137	537	10	0
ERCC-00138	1024	0	0
ERCC-00142	493	0	0
ERCC-00143	784	58	0
ERCC-00144	538	36	0
ERCC-00145	1042	14375	0
ERCC-00147	1023	7	0
ERCC-00148	494	42	0
ERCC-00150	743	46	0
ERCC-00154	537	12	0
ERCC-00156	494	1	0
ERCC-00157	1019	282	0
ERCC-00158	1027	15	0
ERCC-00160	743	359	0
ERCC-00162	523	688	0
ERCC-00163	543	326	0
ERCC-00164	1022	10	0
ERCC-00165	872	1156	0
ERCC-00168	1024	53	0
ERCC-00170	1023	155	0
ERCC-00171	505	26698	0
chr1	290094216	15961347	0
chr10	112200500	6342455	0
chr11	93518069	4644383	0
chr12	54450796	5285970	0
chr13	118718031	4334763	0
chr14	115151701	13626015	0
chr15	114627140	3234113	0
chr16	90051983	3801306	0
chr17	92503511	3386334	0
chr18	87229863	3325654	0
chr19	72914587	2967804	0
chr2	285068071	11007498	0
chr20	57791882	2537328	0
chr3	183740530	6819195	0
chr4	248343840	17215968	0
chr5	177180328	8161135	0
chr6	156897508	14679041	0
chr7	143501887	8638592	0
chr8	132457389	9800565	0
chr9	121549591	6159723	0
chrM	16313	14185670	0
chrX	154597545	4299096	0
*	0	0	0
