ERCC-00002	1061	1127127	0
ERCC-00003	1023	65938	0
ERCC-00004	523	33636	0
ERCC-00009	984	22921	0
ERCC-00012	994	23	0
ERCC-00013	808	37	0
ERCC-00014	1957	403	0
ERCC-00016	844	10	0
ERCC-00017	1136	0	0
ERCC-00019	644	165	0
ERCC-00022	751	9609	0
ERCC-00024	536	7	0
ERCC-00025	1994	3679	0
ERCC-00028	1130	43	0
ERCC-00031	1138	78	0
ERCC-00033	2022	42	0
ERCC-00034	1019	494	0
ERCC-00035	1130	3915	0
ERCC-00039	740	140	0
ERCC-00040	744	35	0
ERCC-00041	1122	6	0
ERCC-00042	1023	16162	0
ERCC-00043	1023	45874	0
ERCC-00044	1156	6612	0
ERCC-00046	522	143995	0
ERCC-00048	992	0	0
ERCC-00051	274	316	0
ERCC-00053	1023	1001	0
ERCC-00054	274	178	0
ERCC-00057	1021	2	0
ERCC-00058	1136	114	0
ERCC-00059	525	542	0
ERCC-00060	523	7941	0
ERCC-00061	1136	7	0
ERCC-00062	1023	480	0
ERCC-00067	644	36	0
ERCC-00069	1137	150	0
ERCC-00071	642	1801	0
ERCC-00073	603	10	0
ERCC-00074	522	501776	0
ERCC-00075	1023	4	0
ERCC-00076	642	5594	0
ERCC-00077	273	73	0
ERCC-00078	993	2129	0
ERCC-00079	644	2445	0
ERCC-00081	534	7	0
ERCC-00083	1022	3	0
ERCC-00084	994	1850	0
ERCC-00085	844	88	0
ERCC-00086	1020	23	0
ERCC-00092	1124	2568	0
ERCC-00095	521	815	0
ERCC-00096	1107	529468	0
ERCC-00097	523	1	0
ERCC-00098	1143	7	0
ERCC-00099	1350	1103	0
ERCC-00104	2022	14	0
ERCC-00108	1022	6199	0
ERCC-00109	536	6	0
ERCC-00111	994	23590	0
ERCC-00112	1136	9406	0
ERCC-00113	840	180648	0
ERCC-00116	1991	7086	0
ERCC-00117	1136	2	0
ERCC-00120	536	13	0
ERCC-00123	1022	6	0
ERCC-00126	1118	251	0
ERCC-00130	1059	233958	0
ERCC-00131	771	760	0
ERCC-00134	274	12	0
ERCC-00136	1033	12359	0
ERCC-00137	537	30	0
ERCC-00138	1024	12	0
ERCC-00142	493	0	0
ERCC-00143	784	100	0
ERCC-00144	538	130	0
ERCC-00145	1042	31222	0
ERCC-00147	1023	12	0
ERCC-00148	494	128	0
ERCC-00150	743	71	0
ERCC-00154	537	33	0
ERCC-00156	494	0	0
ERCC-00157	1019	617	0
ERCC-00158	1027	59	0
ERCC-00160	743	684	0
ERCC-00162	523	1330	0
ERCC-00163	543	490	0
ERCC-00164	1022	28	0
ERCC-00165	872	2758	0
ERCC-00168	1024	66	0
ERCC-00170	1023	208	0
ERCC-00171	505	57596	0
chr1	290094216	21451550	0
chr10	112200500	9557949	0
chr11	93518069	5520925	0
chr12	54450796	9316695	0
chr13	118718031	5567323	0
chr14	115151701	17584852	0
chr15	114627140	4435145	0
chr16	90051983	4662533	0
chr17	92503511	4377118	0
chr18	87229863	4695753	0
chr19	72914587	4553225	0
chr2	285068071	15731335	0
chr20	57791882	3353656	0
chr3	183740530	8946051	0
chr4	248343840	16818070	0
chr5	177180328	11105486	0
chr6	156897508	23740714	0
chr7	143501887	11471441	0
chr8	132457389	13210281	0
chr9	121549591	8078903	0
chrM	16313	17814729	0
chrX	154597545	4918619	0
*	0	0	0
