ERCC-00002	1061	961326	0
ERCC-00003	1023	57031	0
ERCC-00004	523	252726	0
ERCC-00009	984	40223	0
ERCC-00012	994	0	0
ERCC-00013	808	64	0
ERCC-00014	1957	334	0
ERCC-00016	844	0	0
ERCC-00017	1136	27	0
ERCC-00019	644	1168	0
ERCC-00022	751	7419	0
ERCC-00024	536	15	0
ERCC-00025	1994	5302	0
ERCC-00028	1130	241	0
ERCC-00031	1138	55	0
ERCC-00033	2022	344	0
ERCC-00034	1019	734	0
ERCC-00035	1130	6709	0
ERCC-00039	740	193	0
ERCC-00040	744	19	0
ERCC-00041	1122	8	0
ERCC-00042	1023	22282	0
ERCC-00043	1023	41468	0
ERCC-00044	1156	7500	0
ERCC-00046	522	134239	0
ERCC-00048	992	1	0
ERCC-00051	274	690	0
ERCC-00053	1023	1617	0
ERCC-00054	274	159	0
ERCC-00057	1021	1	0
ERCC-00058	1136	112	0
ERCC-00059	525	607	0
ERCC-00060	523	15076	0
ERCC-00061	1136	3	0
ERCC-00062	1023	3579	0
ERCC-00067	644	107	0
ERCC-00069	1137	203	0
ERCC-00071	642	1884	0
ERCC-00073	603	26	0
ERCC-00074	522	666044	0
ERCC-00075	1023	2	0
ERCC-00076	642	6413	0
ERCC-00077	273	98	0
ERCC-00078	993	1807	0
ERCC-00079	644	2181	0
ERCC-00081	534	13	0
ERCC-00083	1022	33	0
ERCC-00084	994	1990	0
ERCC-00085	844	373	0
ERCC-00086	1020	6	0
ERCC-00092	1124	18206	0
ERCC-00095	521	6242	0
ERCC-00096	1107	886890	0
ERCC-00097	523	23	0
ERCC-00098	1143	2	0
ERCC-00099	1350	1099	0
ERCC-00104	2022	26	0
ERCC-00108	1022	40350	0
ERCC-00109	536	6	0
ERCC-00111	994	25428	0
ERCC-00112	1136	7787	0
ERCC-00113	840	215449	0
ERCC-00116	1991	52682	0
ERCC-00117	1136	2	0
ERCC-00120	536	14	0
ERCC-00123	1022	38	0
ERCC-00126	1118	349	0
ERCC-00130	1059	1646586	0
ERCC-00131	771	5813	0
ERCC-00134	274	25	0
ERCC-00136	1033	95574	0
ERCC-00137	537	9	0
ERCC-00138	1024	26	0
ERCC-00142	493	1	0
ERCC-00143	784	164	0
ERCC-00144	538	738	0
ERCC-00145	1042	34985	0
ERCC-00147	1023	85	0
ERCC-00148	494	208	0
ERCC-00150	743	171	0
ERCC-00154	537	229	0
ERCC-00156	494	23	0
ERCC-00157	1019	559	0
ERCC-00158	1027	36	0
ERCC-00160	743	677	0
ERCC-00162	523	1294	0
ERCC-00163	543	474	0
ERCC-00164	1022	3	0
ERCC-00165	872	1977	0
ERCC-00168	1024	18	0
ERCC-00170	1023	1460	0
ERCC-00171	505	107537	0
chr1	290094216	30792486	0
chr10	112200500	14388588	0
chr11	93518069	9292448	0
chr12	54450796	18778135	0
chr13	118718031	7733078	0
chr14	115151701	28834674	0
chr15	114627140	6155001	0
chr16	90051983	6568209	0
chr17	92503511	6392994	0
chr18	87229863	6330649	0
chr19	72914587	8160821	0
chr2	285068071	22974420	0
chr20	57791882	4501915	0
chr3	183740530	12296834	0
chr4	248343840	27303557	0
chr5	177180328	16822234	0
chr6	156897508	37617124	0
chr7	143501887	21622115	0
chr8	132457389	23195344	0
chr9	121549591	10441738	0
chrM	16313	34473702	0
chrX	154597545	11055091	0
*	0	0	0
