ERCC-00002	1061	0	0
ERCC-00003	1023	0	0
ERCC-00004	523	2	0
ERCC-00009	984	1	0
ERCC-00012	994	2	0
ERCC-00013	808	0	0
ERCC-00014	1957	0	0
ERCC-00016	844	5	0
ERCC-00017	1136	0	0
ERCC-00019	644	1	0
ERCC-00022	751	1	0
ERCC-00024	536	0	0
ERCC-00025	1994	0	0
ERCC-00028	1130	0	0
ERCC-00031	1138	3	0
ERCC-00033	2022	0	0
ERCC-00034	1019	0	0
ERCC-00035	1130	0	0
ERCC-00039	740	0	0
ERCC-00040	744	2	0
ERCC-00041	1122	0	0
ERCC-00042	1023	0	0
ERCC-00043	1023	3	0
ERCC-00044	1156	1	0
ERCC-00046	522	0	0
ERCC-00048	992	1	0
ERCC-00051	274	1	0
ERCC-00053	1023	1	0
ERCC-00054	274	0	0
ERCC-00057	1021	2	0
ERCC-00058	1136	2	0
ERCC-00059	525	1	0
ERCC-00060	523	0	0
ERCC-00061	1136	0	0
ERCC-00062	1023	0	0
ERCC-00067	644	2	0
ERCC-00069	1137	0	0
ERCC-00071	642	3	0
ERCC-00073	603	0	0
ERCC-00074	522	0	0
ERCC-00075	1023	6	0
ERCC-00076	642	0	0
ERCC-00077	273	1	0
ERCC-00078	993	1	0
ERCC-00079	644	0	0
ERCC-00081	534	0	0
ERCC-00083	1022	0	0
ERCC-00084	994	0	0
ERCC-00085	844	0	0
ERCC-00086	1020	2	0
ERCC-00092	1124	2	0
ERCC-00095	521	0	0
ERCC-00096	1107	0	0
ERCC-00097	523	0	0
ERCC-00098	1143	0	0
ERCC-00099	1350	0	0
ERCC-00104	2022	1	0
ERCC-00108	1022	1	0
ERCC-00109	536	1	0
ERCC-00111	994	5	0
ERCC-00112	1136	0	0
ERCC-00113	840	0	0
ERCC-00116	1991	0	0
ERCC-00117	1136	0	0
ERCC-00120	536	0	0
ERCC-00123	1022	0	0
ERCC-00126	1118	0	0
ERCC-00130	1059	2	0
ERCC-00131	771	5	0
ERCC-00134	274	0	0
ERCC-00136	1033	0	0
ERCC-00137	537	0	0
ERCC-00138	1024	0	0
ERCC-00142	493	1	0
ERCC-00143	784	0	0
ERCC-00144	538	1	0
ERCC-00145	1042	1	0
ERCC-00147	1023	0	0
ERCC-00148	494	1	0
ERCC-00150	743	0	0
ERCC-00154	537	0	0
ERCC-00156	494	0	0
ERCC-00157	1019	0	0
ERCC-00158	1027	0	0
ERCC-00160	743	2	0
ERCC-00162	523	0	0
ERCC-00163	543	0	0
ERCC-00164	1022	1	0
ERCC-00165	872	1	0
ERCC-00168	1024	1	0
ERCC-00170	1023	4	0
ERCC-00171	505	0	0
chr1	290094216	13392096	0
chr10	112200500	8979938	0
chr11	93518069	2910046	0
chr12	54450796	3579051	0
chr13	118718031	3057045	0
chr14	115151701	4708893	0
chr15	114627140	2996148	0
chr16	90051983	3050164	0
chr17	92503511	2896443	0
chr18	87229863	3342249	0
chr19	72914587	2886884	0
chr2	285068071	6293448	0
chr20	57791882	3115163	0
chr3	183740530	8739782	0
chr4	248343840	5737484	0
chr5	177180328	6494807	0
chr6	156897508	5528548	0
chr7	143501887	6285812	0
chr8	132457389	5649108	0
chr9	121549591	4405801	0
chrM	16313	10319002	0
chrX	154597545	4453875	0
*	0	0	0
