ERCC-00002	1061	0	0
ERCC-00003	1023	0	0
ERCC-00004	523	0	0
ERCC-00009	984	0	0
ERCC-00012	994	0	0
ERCC-00013	808	0	0
ERCC-00014	1957	1	0
ERCC-00016	844	1	0
ERCC-00017	1136	0	0
ERCC-00019	644	0	0
ERCC-00022	751	0	0
ERCC-00024	536	0	0
ERCC-00025	1994	0	0
ERCC-00028	1130	0	0
ERCC-00031	1138	0	0
ERCC-00033	2022	1	0
ERCC-00034	1019	0	0
ERCC-00035	1130	0	0
ERCC-00039	740	0	0
ERCC-00040	744	0	0
ERCC-00041	1122	0	0
ERCC-00042	1023	0	0
ERCC-00043	1023	1	0
ERCC-00044	1156	0	0
ERCC-00046	522	1	0
ERCC-00048	992	0	0
ERCC-00051	274	0	0
ERCC-00053	1023	0	0
ERCC-00054	274	0	0
ERCC-00057	1021	0	0
ERCC-00058	1136	0	0
ERCC-00059	525	0	0
ERCC-00060	523	0	0
ERCC-00061	1136	0	0
ERCC-00062	1023	1	0
ERCC-00067	644	0	0
ERCC-00069	1137	0	0
ERCC-00071	642	0	0
ERCC-00073	603	0	0
ERCC-00074	522	1	0
ERCC-00075	1023	3	0
ERCC-00076	642	0	0
ERCC-00077	273	0	0
ERCC-00078	993	1	0
ERCC-00079	644	0	0
ERCC-00081	534	0	0
ERCC-00083	1022	0	0
ERCC-00084	994	0	0
ERCC-00085	844	0	0
ERCC-00086	1020	0	0
ERCC-00092	1124	2	0
ERCC-00095	521	0	0
ERCC-00096	1107	0	0
ERCC-00097	523	0	0
ERCC-00098	1143	0	0
ERCC-00099	1350	0	0
ERCC-00104	2022	0	0
ERCC-00108	1022	0	0
ERCC-00109	536	1	0
ERCC-00111	994	0	0
ERCC-00112	1136	0	0
ERCC-00113	840	0	0
ERCC-00116	1991	0	0
ERCC-00117	1136	0	0
ERCC-00120	536	0	0
ERCC-00123	1022	0	0
ERCC-00126	1118	0	0
ERCC-00130	1059	1	0
ERCC-00131	771	1	0
ERCC-00134	274	0	0
ERCC-00136	1033	0	0
ERCC-00137	537	0	0
ERCC-00138	1024	0	0
ERCC-00142	493	1	0
ERCC-00143	784	0	0
ERCC-00144	538	0	0
ERCC-00145	1042	0	0
ERCC-00147	1023	0	0
ERCC-00148	494	0	0
ERCC-00150	743	0	0
ERCC-00154	537	0	0
ERCC-00156	494	0	0
ERCC-00157	1019	0	0
ERCC-00158	1027	0	0
ERCC-00160	743	0	0
ERCC-00162	523	0	0
ERCC-00163	543	1	0
ERCC-00164	1022	2	0
ERCC-00165	872	0	0
ERCC-00168	1024	0	0
ERCC-00170	1023	3	0
ERCC-00171	505	0	0
chr1	290094216	3823307	0
chr10	112200500	2469720	0
chr11	93518069	857583	0
chr12	54450796	1047132	0
chr13	118718031	886459	0
chr14	115151701	1377515	0
chr15	114627140	864141	0
chr16	90051983	845068	0
chr17	92503511	804204	0
chr18	87229863	894872	0
chr19	72914587	787673	0
chr2	285068071	1859512	0
chr20	57791882	830565	0
chr3	183740530	2535720	0
chr4	248343840	1613323	0
chr5	177180328	1892025	0
chr6	156897508	1630936	0
chr7	143501887	1862843	0
chr8	132457389	1618428	0
chr9	121549591	1275806	0
chrM	16313	3297751	0
chrX	154597545	1177028	0
*	0	0	0
