ERCC-00002	1061	1	0
ERCC-00003	1023	0	0
ERCC-00004	523	0	0
ERCC-00009	984	0	0
ERCC-00012	994	0	0
ERCC-00013	808	0	0
ERCC-00014	1957	2	0
ERCC-00016	844	2	0
ERCC-00017	1136	0	0
ERCC-00019	644	0	0
ERCC-00022	751	0	0
ERCC-00024	536	0	0
ERCC-00025	1994	0	0
ERCC-00028	1130	1	0
ERCC-00031	1138	2	0
ERCC-00033	2022	0	0
ERCC-00034	1019	0	0
ERCC-00035	1130	0	0
ERCC-00039	740	0	0
ERCC-00040	744	0	0
ERCC-00041	1122	1	0
ERCC-00042	1023	0	0
ERCC-00043	1023	1	0
ERCC-00044	1156	1	0
ERCC-00046	522	0	0
ERCC-00048	992	0	0
ERCC-00051	274	0	0
ERCC-00053	1023	0	0
ERCC-00054	274	0	0
ERCC-00057	1021	0	0
ERCC-00058	1136	1	0
ERCC-00059	525	3	0
ERCC-00060	523	1	0
ERCC-00061	1136	0	0
ERCC-00062	1023	3	0
ERCC-00067	644	0	0
ERCC-00069	1137	2	0
ERCC-00071	642	2	0
ERCC-00073	603	0	0
ERCC-00074	522	0	0
ERCC-00075	1023	6	0
ERCC-00076	642	0	0
ERCC-00077	273	0	0
ERCC-00078	993	0	0
ERCC-00079	644	0	0
ERCC-00081	534	1	0
ERCC-00083	1022	0	0
ERCC-00084	994	1	0
ERCC-00085	844	0	0
ERCC-00086	1020	2	0
ERCC-00092	1124	0	0
ERCC-00095	521	0	0
ERCC-00096	1107	0	0
ERCC-00097	523	0	0
ERCC-00098	1143	1	0
ERCC-00099	1350	0	0
ERCC-00104	2022	0	0
ERCC-00108	1022	0	0
ERCC-00109	536	0	0
ERCC-00111	994	0	0
ERCC-00112	1136	0	0
ERCC-00113	840	0	0
ERCC-00116	1991	0	0
ERCC-00117	1136	0	0
ERCC-00120	536	2	0
ERCC-00123	1022	0	0
ERCC-00126	1118	1	0
ERCC-00130	1059	0	0
ERCC-00131	771	1	0
ERCC-00134	274	0	0
ERCC-00136	1033	0	0
ERCC-00137	537	0	0
ERCC-00138	1024	2	0
ERCC-00142	493	1	0
ERCC-00143	784	0	0
ERCC-00144	538	0	0
ERCC-00145	1042	2	0
ERCC-00147	1023	0	0
ERCC-00148	494	0	0
ERCC-00150	743	1	0
ERCC-00154	537	0	0
ERCC-00156	494	0	0
ERCC-00157	1019	1	0
ERCC-00158	1027	0	0
ERCC-00160	743	0	0
ERCC-00162	523	0	0
ERCC-00163	543	0	0
ERCC-00164	1022	3	0
ERCC-00165	872	0	0
ERCC-00168	1024	0	0
ERCC-00170	1023	2	0
ERCC-00171	505	0	0
chr1	290094216	10546495	0
chr10	112200500	6787683	0
chr11	93518069	2336564	0
chr12	54450796	2674354	0
chr13	118718031	2417405	0
chr14	115151701	4015000	0
chr15	114627140	2366626	0
chr16	90051983	2320120	0
chr17	92503511	2184282	0
chr18	87229863	2728665	0
chr19	72914587	2159431	0
chr2	285068071	5049075	0
chr20	57791882	2318819	0
chr3	183740530	6872985	0
chr4	248343840	4396019	0
chr5	177180328	5219980	0
chr6	156897508	4399750	0
chr7	143501887	5085022	0
chr8	132457389	4473073	0
chr9	121549591	3471485	0
chrM	16313	8928578	0
chrX	154597545	3308830	0
*	0	0	0
