ERCC-00002	1061	252960	0
ERCC-00003	1023	18092	0
ERCC-00004	523	74421	0
ERCC-00009	984	11426	0
ERCC-00012	994	3	0
ERCC-00013	808	23	0
ERCC-00014	1957	80	0
ERCC-00016	844	5	0
ERCC-00017	1136	5	0
ERCC-00019	644	289	0
ERCC-00022	751	2461	0
ERCC-00024	536	0	0
ERCC-00025	1994	1525	0
ERCC-00028	1130	77	0
ERCC-00031	1138	29	0
ERCC-00033	2022	104	0
ERCC-00034	1019	286	0
ERCC-00035	1130	1885	0
ERCC-00039	740	45	0
ERCC-00040	744	18	0
ERCC-00041	1122	2	0
ERCC-00042	1023	7724	0
ERCC-00043	1023	10788	0
ERCC-00044	1156	2131	0
ERCC-00046	522	36000	0
ERCC-00048	992	0	0
ERCC-00051	274	198	0
ERCC-00053	1023	455	0
ERCC-00054	274	78	0
ERCC-00057	1021	0	0
ERCC-00058	1136	46	0
ERCC-00059	525	198	0
ERCC-00060	523	4481	0
ERCC-00061	1136	2	0
ERCC-00062	1023	1000	0
ERCC-00067	644	34	0
ERCC-00069	1137	53	0
ERCC-00071	642	514	0
ERCC-00073	603	12	0
ERCC-00074	522	190335	0
ERCC-00075	1023	2	0
ERCC-00076	642	1715	0
ERCC-00077	273	30	0
ERCC-00078	993	554	0
ERCC-00079	644	641	0
ERCC-00081	534	0	0
ERCC-00083	1022	1	0
ERCC-00084	994	589	0
ERCC-00085	844	117	0
ERCC-00086	1020	2	0
ERCC-00092	1124	5277	0
ERCC-00095	521	1912	0
ERCC-00096	1107	250906	0
ERCC-00097	523	11	0
ERCC-00098	1143	0	0
ERCC-00099	1350	317	0
ERCC-00104	2022	6	0
ERCC-00108	1022	11730	0
ERCC-00109	536	11	0
ERCC-00111	994	7724	0
ERCC-00112	1136	2334	0
ERCC-00113	840	58719	0
ERCC-00116	1991	15045	0
ERCC-00117	1136	4	0
ERCC-00120	536	12	0
ERCC-00123	1022	5	0
ERCC-00126	1118	124	0
ERCC-00130	1059	470428	0
ERCC-00131	771	1611	0
ERCC-00134	274	8	0
ERCC-00136	1033	28409	0
ERCC-00137	537	2	0
ERCC-00138	1024	4	0
ERCC-00142	493	1	0
ERCC-00143	784	44	0
ERCC-00144	538	211	0
ERCC-00145	1042	10132	0
ERCC-00147	1023	17	0
ERCC-00148	494	50	0
ERCC-00150	743	44	0
ERCC-00154	537	43	0
ERCC-00156	494	3	0
ERCC-00157	1019	191	0
ERCC-00158	1027	16	0
ERCC-00160	743	143	0
ERCC-00162	523	445	0
ERCC-00163	543	124	0
ERCC-00164	1022	5	0
ERCC-00165	872	600	0
ERCC-00168	1024	12	0
ERCC-00170	1023	358	0
ERCC-00171	505	31520	0
chr1	290094216	14513587	0
chr10	112200500	7692554	0
chr11	93518069	3241511	0
chr12	54450796	5499241	0
chr13	118718031	3606993	0
chr14	115151701	3832300	0
chr15	114627140	6458291	0
chr16	90051983	3811281	0
chr17	92503511	4865768	0
chr18	87229863	3566944	0
chr19	72914587	2354748	0
chr2	285068071	8841142	0
chr20	57791882	2451258	0
chr3	183740530	13338479	0
chr4	248343840	7498401	0
chr5	177180328	6339235	0
chr6	156897508	10454685	0
chr7	143501887	7942457	0
chr8	132457389	7019064	0
chr9	121549591	5390510	0
chrM	16313	88726108	0
chrX	154597545	4236799	0
*	0	0	0
