ERCC-00002	1061	357493	0
ERCC-00003	1023	22980	0
ERCC-00004	523	12079	0
ERCC-00009	984	7888	0
ERCC-00012	994	0	0
ERCC-00013	808	17	0
ERCC-00014	1957	133	0
ERCC-00016	844	6	0
ERCC-00017	1136	0	0
ERCC-00019	644	47	0
ERCC-00022	751	3173	0
ERCC-00024	536	3	0
ERCC-00025	1994	1115	0
ERCC-00028	1130	11	0
ERCC-00031	1138	18	0
ERCC-00033	2022	14	0
ERCC-00034	1019	164	0
ERCC-00035	1130	1361	0
ERCC-00039	740	45	0
ERCC-00040	744	12	0
ERCC-00041	1122	6	0
ERCC-00042	1023	6342	0
ERCC-00043	1023	14341	0
ERCC-00044	1156	2294	0
ERCC-00046	522	49332	0
ERCC-00048	992	0	0
ERCC-00051	274	149	0
ERCC-00053	1023	286	0
ERCC-00054	274	51	0
ERCC-00057	1021	0	0
ERCC-00058	1136	29	0
ERCC-00059	525	231	0
ERCC-00060	523	2708	0
ERCC-00061	1136	2	0
ERCC-00062	1023	197	0
ERCC-00067	644	14	0
ERCC-00069	1137	69	0
ERCC-00071	642	613	0
ERCC-00073	603	2	0
ERCC-00074	522	192029	0
ERCC-00075	1023	1	0
ERCC-00076	642	1851	0
ERCC-00077	273	48	0
ERCC-00078	993	759	0
ERCC-00079	644	909	0
ERCC-00081	534	0	0
ERCC-00083	1022	0	0
ERCC-00084	994	613	0
ERCC-00085	844	38	0
ERCC-00086	1020	10	0
ERCC-00092	1124	975	0
ERCC-00095	521	293	0
ERCC-00096	1107	175815	0
ERCC-00097	523	3	0
ERCC-00098	1143	0	0
ERCC-00099	1350	301	0
ERCC-00104	2022	4	0
ERCC-00108	1022	1976	0
ERCC-00109	536	0	0
ERCC-00111	994	8096	0
ERCC-00112	1136	3077	0
ERCC-00113	840	59947	0
ERCC-00116	1991	2493	0
ERCC-00117	1136	4	0
ERCC-00120	536	6	0
ERCC-00123	1022	7	0
ERCC-00126	1118	68	0
ERCC-00130	1059	78637	0
ERCC-00131	771	303	0
ERCC-00134	274	5	0
ERCC-00136	1033	4506	0
ERCC-00137	537	3	0
ERCC-00138	1024	3	0
ERCC-00142	493	1	0
ERCC-00143	784	60	0
ERCC-00144	538	27	0
ERCC-00145	1042	10065	0
ERCC-00147	1023	2	0
ERCC-00148	494	51	0
ERCC-00150	743	20	0
ERCC-00154	537	21	0
ERCC-00156	494	4	0
ERCC-00157	1019	191	0
ERCC-00158	1027	4	0
ERCC-00160	743	260	0
ERCC-00162	523	536	0
ERCC-00163	543	125	0
ERCC-00164	1022	11	0
ERCC-00165	872	1008	0
ERCC-00168	1024	26	0
ERCC-00170	1023	67	0
ERCC-00171	505	20641	0
chr1	290094216	15642574	0
chr10	112200500	8349262	0
chr11	93518069	3576092	0
chr12	54450796	5708503	0
chr13	118718031	3921362	0
chr14	115151701	4509752	0
chr15	114627140	7492455	0
chr16	90051983	4109056	0
chr17	92503511	5283932	0
chr18	87229863	3985826	0
chr19	72914587	2852970	0
chr2	285068071	10210606	0
chr20	57791882	2658733	0
chr3	183740530	13782870	0
chr4	248343840	7460222	0
chr5	177180328	7188872	0
chr6	156897508	12532347	0
chr7	143501887	8766620	0
chr8	132457389	7542059	0
chr9	121549591	5833942	0
chrM	16313	71924190	0
chrX	154597545	4912692	0
*	0	0	0
