ERCC-00002	1061	133856	0
ERCC-00003	1023	11307	0
ERCC-00004	523	39898	0
ERCC-00009	984	6101	0
ERCC-00012	994	2	0
ERCC-00013	808	11	0
ERCC-00014	1957	72	0
ERCC-00016	844	0	0
ERCC-00017	1136	2	0
ERCC-00019	644	187	0
ERCC-00022	751	1432	0
ERCC-00024	536	2	0
ERCC-00025	1994	1012	0
ERCC-00028	1130	50	0
ERCC-00031	1138	19	0
ERCC-00033	2022	38	0
ERCC-00034	1019	161	0
ERCC-00035	1130	1237	0
ERCC-00039	740	27	0
ERCC-00040	744	9	0
ERCC-00041	1122	3	0
ERCC-00042	1023	5242	0
ERCC-00043	1023	7732	0
ERCC-00044	1156	1185	0
ERCC-00046	522	23593	0
ERCC-00048	992	0	0
ERCC-00051	274	74	0
ERCC-00053	1023	291	0
ERCC-00054	274	36	0
ERCC-00057	1021	0	0
ERCC-00058	1136	35	0
ERCC-00059	525	50	0
ERCC-00060	523	2954	0
ERCC-00061	1136	1	0
ERCC-00062	1023	857	0
ERCC-00067	644	16	0
ERCC-00069	1137	29	0
ERCC-00071	642	326	0
ERCC-00073	603	2	0
ERCC-00074	522	97529	0
ERCC-00075	1023	2	0
ERCC-00076	642	965	0
ERCC-00077	273	10	0
ERCC-00078	993	337	0
ERCC-00079	644	372	0
ERCC-00081	534	2	0
ERCC-00083	1022	1	0
ERCC-00084	994	363	0
ERCC-00085	844	44	0
ERCC-00086	1020	1	0
ERCC-00092	1124	3209	0
ERCC-00095	521	1173	0
ERCC-00096	1107	163022	0
ERCC-00097	523	0	0
ERCC-00098	1143	0	0
ERCC-00099	1350	244	0
ERCC-00104	2022	9	0
ERCC-00108	1022	6821	0
ERCC-00109	536	6	0
ERCC-00111	994	5103	0
ERCC-00112	1136	1282	0
ERCC-00113	840	33359	0
ERCC-00116	1991	8693	0
ERCC-00117	1136	0	0
ERCC-00120	536	0	0
ERCC-00123	1022	2	0
ERCC-00126	1118	42	0
ERCC-00130	1059	314560	0
ERCC-00131	771	1001	0
ERCC-00134	274	3	0
ERCC-00136	1033	16333	0
ERCC-00137	537	0	0
ERCC-00138	1024	5	0
ERCC-00142	493	0	0
ERCC-00143	784	33	0
ERCC-00144	538	118	0
ERCC-00145	1042	6590	0
ERCC-00147	1023	13	0
ERCC-00148	494	25	0
ERCC-00150	743	19	0
ERCC-00154	537	45	0
ERCC-00156	494	1	0
ERCC-00157	1019	103	0
ERCC-00158	1027	1	0
ERCC-00160	743	98	0
ERCC-00162	523	330	0
ERCC-00163	543	63	0
ERCC-00164	1022	4	0
ERCC-00165	872	334	0
ERCC-00168	1024	11	0
ERCC-00170	1023	302	0
ERCC-00171	505	19526	0
chr1	290094216	11870274	0
chr10	112200500	5669320	0
chr11	93518069	2712592	0
chr12	54450796	3700255	0
chr13	118718031	3089513	0
chr14	115151701	3436835	0
chr15	114627140	5736979	0
chr16	90051983	3184580	0
chr17	92503511	3899481	0
chr18	87229863	2943447	0
chr19	72914587	2178122	0
chr2	285068071	7732238	0
chr20	57791882	2016044	0
chr3	183740530	11017016	0
chr4	248343840	5796617	0
chr5	177180328	5524353	0
chr6	156897508	7140167	0
chr7	143501887	6355192	0
chr8	132457389	5538334	0
chr9	121549591	4335746	0
chrM	16313	57938368	0
chrX	154597545	3374323	0
*	0	0	0
