ERCC-00002	1061	371365	0
ERCC-00003	1023	24803	0
ERCC-00004	523	13369	0
ERCC-00009	984	8358	0
ERCC-00012	994	4	0
ERCC-00013	808	26	0
ERCC-00014	1957	99	0
ERCC-00016	844	8	0
ERCC-00017	1136	1	0
ERCC-00019	644	50	0
ERCC-00022	751	3045	0
ERCC-00024	536	4	0
ERCC-00025	1994	1139	0
ERCC-00028	1130	11	0
ERCC-00031	1138	10	0
ERCC-00033	2022	34	0
ERCC-00034	1019	206	0
ERCC-00035	1130	1159	0
ERCC-00039	740	60	0
ERCC-00040	744	13	0
ERCC-00041	1122	5	0
ERCC-00042	1023	6256	0
ERCC-00043	1023	15654	0
ERCC-00044	1156	2346	0
ERCC-00046	522	47829	0
ERCC-00048	992	0	0
ERCC-00051	274	141	0
ERCC-00053	1023	390	0
ERCC-00054	274	34	0
ERCC-00057	1021	2	0
ERCC-00058	1136	35	0
ERCC-00059	525	182	0
ERCC-00060	523	3087	0
ERCC-00061	1136	7	0
ERCC-00062	1023	200	0
ERCC-00067	644	21	0
ERCC-00069	1137	60	0
ERCC-00071	642	615	0
ERCC-00073	603	14	0
ERCC-00074	522	201471	0
ERCC-00075	1023	3	0
ERCC-00076	642	1646	0
ERCC-00077	273	64	0
ERCC-00078	993	730	0
ERCC-00079	644	954	0
ERCC-00081	534	1	0
ERCC-00083	1022	0	0
ERCC-00084	994	630	0
ERCC-00085	844	30	0
ERCC-00086	1020	2	0
ERCC-00092	1124	806	0
ERCC-00095	521	430	0
ERCC-00096	1107	178322	0
ERCC-00097	523	3	0
ERCC-00098	1143	0	0
ERCC-00099	1350	344	0
ERCC-00104	2022	6	0
ERCC-00108	1022	1972	0
ERCC-00109	536	9	0
ERCC-00111	994	7871	0
ERCC-00112	1136	3271	0
ERCC-00113	840	60155	0
ERCC-00116	1991	2592	0
ERCC-00117	1136	4	0
ERCC-00120	536	1	0
ERCC-00123	1022	1	0
ERCC-00126	1118	73	0
ERCC-00130	1059	78167	0
ERCC-00131	771	279	0
ERCC-00134	274	2	0
ERCC-00136	1033	4584	0
ERCC-00137	537	10	0
ERCC-00138	1024	3	0
ERCC-00142	493	2	0
ERCC-00143	784	54	0
ERCC-00144	538	23	0
ERCC-00145	1042	10597	0
ERCC-00147	1023	2	0
ERCC-00148	494	40	0
ERCC-00150	743	27	0
ERCC-00154	537	19	0
ERCC-00156	494	3	0
ERCC-00157	1019	207	0
ERCC-00158	1027	6	0
ERCC-00160	743	227	0
ERCC-00162	523	521	0
ERCC-00163	543	163	0
ERCC-00164	1022	9	0
ERCC-00165	872	1022	0
ERCC-00168	1024	12	0
ERCC-00170	1023	84	0
ERCC-00171	505	20151	0
chr1	290094216	13746553	0
chr10	112200500	7514009	0
chr11	93518069	3423033	0
chr12	54450796	6405124	0
chr13	118718031	3583051	0
chr14	115151701	3680907	0
chr15	114627140	5677970	0
chr16	90051983	3758292	0
chr17	92503511	4890558	0
chr18	87229863	3657472	0
chr19	72914587	2359803	0
chr2	285068071	9333092	0
chr20	57791882	2391048	0
chr3	183740530	12785799	0
chr4	248343840	7704137	0
chr5	177180328	6233290	0
chr6	156897508	12607705	0
chr7	143501887	9019251	0
chr8	132457389	7669813	0
chr9	121549591	5372873	0
chrM	16313	84593094	0
chrX	154597545	5007005	0
*	0	0	0
